[ -2. -11. -19. -27. -27. -29. -25. -29. -28. -28. -28. -28. -28. -28. -28. -28. -28. -28. -28. -28. -28. -28. -28. -28. -28. -28. -28. -28. -28. -28. -28. -28. -28. -28. -28. -28. -28. -28. -28. -28. -28. -28. -28. -28. -28. -28. -29. -25. -28. -28. -28. -26. -27. -26. -22. -21.  -7.  -2.  -2.]
[ -9. -15. -18. -24. -21. -23. -25. -22. -23. -23. -23. -23. -23. -23. -23. -23. -23. -23. -23. -23. -23. -23. -23. -23. -23. -23. -23. -23. -23. -23. -23. -23. -23. -23. -23. -23. -23. -23. -23. -23. -23. -23. -23. -23. -23. -23. -23. -25. -23. -24. -23. -26. -26. -23. -23. -18. -14.  -4.  -4.]
[-27.  -9.   8.  14.  12.  14.  15.  11.  16.  15.  15.  15.  15.  15.  15.  15.  15.  15.  15.  15.  15.  15.  15.  15.  15.  15.  15.  15.  15.  15.  15.  15.  15.  15.  15.  15.  15.  15.  15.  15.  15.  15.  15.  15.  15.  15.  15.  12.  18.  15.  16.  14.  15.  10.  16.   9.  -7. -14. -10.]
[-36.  -1.  49.  55.  43.  46.  45.  48.  47.  48.  48.  48.  48.  48.  48.  48.  48.  48.  48.  48.  48.  48.  48.  48.  48.  48.  48.  48.  48.  48.  48.  48.  48.  48.  48.  48.  48.  48.  48.  48.  48.  48.  48.  48.  48.  48.  46.  49.  48.  51.  51.  48.  46.  41.  57.  51.   7. -18. -20.]
[-46.   2.  54.  32.   1.   4.   9.  12.  13.   9.  10.  10.  10.  10.  10.  10.  10.  10.  10.  10.  10.  10.  10.  10.  10.  10.  10.  10.  10.  10.  10.  10.  10.  10.  10.  10.  10.  10.  10.  10.  10.  10.  10.  10.  10.   9.  13.   9.  12.  10.  10.  10.   1.   0.  35.  51.  11. -23. -24.]
[-45.  -6.  42.   0. -40. -33. -25. -26. -25. -24. -24. -24. -24. -24. -24. -24. -24. -24. -24. -24. -24. -24. -24. -24. -24. -24. -24. -24. -24. -24. -24. -24. -24. -24. -24. -24. -24. -24. -24. -24. -24. -24. -24. -24. -24. -24. -26. -23. -25. -25. -26. -23. -36. -43.   1.  41.  10. -26. -24.]
[-50.   1.  43.   4. -36. -23. -12. -13. -12. -12. -13. -13. -12. -12. -12. -12. -12. -12. -12. -12. -12. -13. -13. -12. -12. -11. -11. -11. -11. -11. -11. -12. -12. -13. -13. -12. -12. -12. -12. -13. -13. -12. -12. -12. -12. -12. -13. -11. -13. -13. -14. -11. -25. -34.   5.  43.  11. -22. -26.]
[-45.   0.  48.  10. -24. -12.   2.  -2.  -2.  -4.  -2.  -2.  -6.  -3.  -2.  -2.  -2.  -2.  -1.  -1.  -2.   1.   0.  -4.  -2.  -5.  -4.  -4.  -4.  -4.  -5.  -2.  -5.  -1.  -1.  -4.  -2.  -1.  -2.   2.   2.  -2.  -1.  -1.  -2.  -3.  -5.  -4.  -1.  -2.  -1.   0. -13. -23.  11.  49.  14. -24. -26.]
[-45.   0.  48.  13. -26. -13.  -2.  -1.  -7. -15. -14. -17. -13. -16. -12.  -4.   0.   2.  -1.   0.  -1.  -3.  -7. -14. -16. -19. -17. -17. -17. -17. -19. -17. -14. -17. -15. -13.  -8.  -4.   0.   0.   0.   1.  -1.  -6. -10. -14. -15. -14. -17. -12.  -6.  -5. -14. -25.  15.  45.  12. -24. -26.]
[-49.   1.  49.   9. -24. -12.  -3.  -9. -13. -17. -19. -17. -15. -14.  -9.  -7.  -3.   2.   0.   0.  -5.  -7. -10. -11. -16. -18. -22. -21. -21. -22. -18. -19. -21. -17. -17. -13. -10.  -8.  -2.  -1.   0.  -2.  -3.  -9. -10. -13. -16. -20. -16. -17. -12.  -9. -14. -21.  11.  52.  14. -25. -26.]
[-48.   1.  49.  10. -24. -12. -10. -15.  -3.  22.  27.  22.  27.  28.  15.  -2.  -6.  -5.  -1.   1.  -8.  -4.  12.  27.  32.  24.  24.  24.  24.  24.  24.  20.  20.  23.  32.  26.  12.  -4.  -8.  -2.   0.  -6.  -6.   3.  15.  28.  25.  19.  23.  21.  -2. -17. -21. -26.  13.  51.  13. -25. -26.]
[-48.   1.  49.  10. -24. -13. -14. -18.  13.  61.  59.  40.  48.  52.  35.   1.  -9.  -3.  -1.   0.  -7.  -3.  22.  52.  56.  50.  48.  48.  48.  48.  48.  48.  47.  51.  58.  48.  21.  -3.  -7.  -3.  -2.  -3.  -8.   5.  32.  50.  46.  40.  58.  57.  17. -18. -26. -24.  11.  49.  15. -25. -26.]
[-48.   1.  49.  10. -24. -14. -14. -23.  21.  54.  24.  -6.   2.  16.   7.  -5. -11.  -4.   2.  -1.  -7.  -6.   3.  13.  12.   7.   6.   6.   6.   6.   5.   8.   6.   9.  14.  14.   3.  -9.  -4.  -3.   3.  -2.  -5.  -5.   5.  13.   3.  -8.  26.  55.  21. -19. -26. -28.  10.  49.  13. -24. -26.]
[-48.   1.  49.  10. -24. -14. -16. -19.  16.  39.  -9. -45. -31. -20. -15.  -7.  -3.  -1.  -1.   0.  -4.  -5. -10. -18. -24. -26. -25. -25. -25. -25. -27. -24. -26. -23. -23. -16. -10.  -6.  -5.   0.  -1.  -2.  -3.  -9. -13. -20. -35. -40.  -8.  41.  16. -20. -26. -28.  12.  47.  11. -23. -26.]
[-48.   1.  49.  10. -24. -14. -15. -23.  19.  42.  -2. -35. -23.  -8.  -7.  -2.   1.  -1.   2.  -2.  -2.  -1.  -6.  -9. -10. -10. -14. -13. -13. -14. -10. -11. -11. -14. -11.  -8.  -4.  -2.  -2.  -1.  -1.   0.  -1.  -3.  -7. -11. -21. -36.   1.  45.  19. -22. -30. -22.  11.  48.  12. -23. -26.]
[-48.   1.  49.  10. -24. -14. -15. -22.  18.  48.   9. -24.  -9.   0.  -1.  -1.   3.   1.  -2.   0.   0.  -1.  -1.  -1.  -2.   2.   2.   2.   2.   2.   2.  -2.  -2.   2.  -1.   2.   0.   1.   2.   1.   3.  -1.   0.   0.   1.   1. -12. -25.   7.  46.  22. -20. -27. -27.  12.  47.  11. -23. -26.]
[-48.   1.  49.  10. -24. -14. -15. -23.  21.  49.   8. -27. -10.  -1.  -2.  -2.   2.  -2.   0.   0.   0.   0.   0.   0.   0.  -1.  -1.  -1.  -1.  -1.  -1.   0.   0.  -1.  -1.  -3.   1.   0.  -1.   4.  -1.   1.   1.   2.  -2.  -1. -13. -28.   9.  47.  19. -22. -30. -24.  11.  50.  14. -24. -26.]
[-48.   1.  49.  10. -24. -14. -15. -23.  19.  52.   7. -25. -13.   1.  -1.   1.  -1.   0.   0.   0.   0.   0.   0.   0.   0.   0.   0.   0.   0.   0.   0.   0.   0.   0.   0.   0.  -1.  -1.  -1.  -2.  -1.  -1.  -1.  -1.   0.   0. -13. -23.   7.  51.  19. -20. -28. -28.  12.  49.  13. -24. -26.]
[-48.   1.  49.  10. -24. -14. -15. -23.  19.  51.   7. -25. -12.   1.   0.  -3.   1.   0.   0.   0.   0.   0.   0.   0.   0.   0.   0.   0.   0.   0.   0.   0.   0.   0.   0.   0.   0.   0.   0.   0.   0.   0.   0.   0.   0.   0. -13. -24.   7.  50.  20. -24. -27. -27.  12.  49.  13. -24. -26.]
[-48.   1.  49.  10. -24. -14. -15. -23.  19.  51.   7. -25. -12.   1.   0.  -2.   1.   0.   0.   0.   0.   0.   0.   0.   0.   0.   0.   0.   0.   0.   0.   0.   0.   0.   0.   0.   0.   0.   0.   0.   0.   0.   0.   0.   0.   0. -13. -24.   7.  50.  20. -23. -27. -27.  12.  49.  13. -24. -26.]
[-48.   1.  49.  10. -24. -14. -15. -23.  19.  51.   7. -25. -12.   1.   0.  -2.   1.   0.   0.   0.   0.   0.   0.   0.   0.   0.   0.   0.   0.   0.   0.   0.   0.   0.   0.   0.   0.   0.   0.   0.   0.   0.   0.   0.   0.   0. -13. -24.   7.  50.  20. -23. -27. -27.  12.  49.  13. -24. -26.]
[-48.   1.  49.  10. -24. -14. -15. -23.  19.  51.   7. -25. -12.   1.   0.  -2.   1.   0.   0.   0.   0.   0.   0.   0.   0.   0.   0.   0.   0.   0.   0.   0.   0.   0.   0.   0.   0.   0.   0.   0.   0.   0.   0.   0.   0.   0. -13. -24.   7.  50.  20. -23. -27. -27.  12.  49.  13. -24. -26.]
[-48.   1.  49.  10. -24. -14. -15. -23.  19.  51.   7. -25. -12.   1.   0.  -2.   1.   0.   0.   0.   0.   0.   0.   0.   0.   0.   0.   0.   0.   0.   0.   0.   0.   0.   0.   0.   0.   0.   0.   0.   0.   0.   0.   0.   0.   0. -13. -24.   7.  50.  20. -23. -27. -27.  12.  49.  13. -24. -26.]
[-48.   1.  49.  10. -24. -14. -15. -23.  19.  51.   7. -25. -12.   1.   0.  -2.   1.   0.   0.   0.   0.   0.   0.   0.   0.   0.   0.   0.   0.   0.   0.   0.   0.   0.   0.   0.   0.   0.   0.   0.   0.   0.   0.   0.   0.   0. -13. -24.   7.  50.  20. -23. -27. -27.  12.  49.  13. -24. -26.]
[-48.   1.  49.  10. -24. -14. -15. -23.  19.  51.   7. -25. -12.   1.   0.  -2.   1.   0.   0.   0.   0.   0.   0.   0.   0.   0.   0.   0.   0.   0.   0.   0.   0.   0.   0.   0.   0.   0.   0.   0.   0.   0.   0.   0.   0.   0. -13. -24.   7.  50.  20. -23. -27. -27.  12.  49.  13. -24. -26.]
[-48.   1.  49.  10. -24. -14. -15. -23.  19.  51.   7. -25. -12.   1.   0.  -2.   1.   0.   0.   0.   0.   0.   0.   0.   0.   0.   0.   0.   0.   0.   0.   0.   0.   0.   0.   0.   0.   0.   0.   0.   0.   0.   0.   0.   0.   0. -13. -24.   7.  50.  20. -23. -27. -27.  12.  49.  13. -24. -26.]
[-48.   1.  49.  10. -24. -14. -15. -23.  19.  51.   7. -25. -12.   1.   0.  -2.   1.   0.   0.   0.   0.   0.   0.   0.   0.   0.   0.   0.   0.   0.   0.   0.   0.   0.   0.   0.   0.   0.   0.   0.   0.   0.   0.   0.   0.   0. -13. -24.   7.  50.  20. -23. -27. -27.  12.  49.  13. -24. -26.]
[-48.   1.  49.  10. -24. -14. -15. -23.  19.  51.   7. -25. -12.   1.   0.  -2.   1.   0.   0.   0.   0.   0.   0.   0.   0.   0.   0.   0.   0.   0.   0.   0.   0.   0.   0.   0.   0.   0.   0.   0.   0.   0.   0.   0.   0.   0. -13. -24.   7.  50.  20. -23. -27. -27.  12.  49.  13. -24. -26.]
[-48.   1.  49.  10. -24. -14. -15. -23.  19.  51.   7. -25. -12.   1.   0.  -2.   1.   0.   0.   0.   0.   0.   0.   0.   0.   0.   0.   0.   0.   0.   0.   0.   0.   0.   0.   0.   0.   0.   0.   0.   0.   0.   0.   0.   0.   0. -13. -24.   7.  50.  20. -23. -27. -27.  12.  49.  13. -24. -26.]
[-48.   1.  49.  10. -24. -14. -15. -23.  19.  51.   7. -25. -12.   1.   0.  -2.   1.   0.   0.   0.   0.   0.   0.   0.   0.   0.   0.   0.   0.   0.   0.   0.   0.   0.   0.   0.   0.   0.   0.   0.   0.   0.   0.   0.   0.   0. -13. -24.   7.  50.  20. -23. -27. -27.  12.  49.  13. -24. -26.]
[-48.   1.  49.  10. -24. -14. -15. -23.  19.  51.   7. -25. -12.   1.   0.  -2.   1.   0.   0.   0.   0.   0.   0.   0.   0.   0.   0.   0.   0.   0.   0.   0.   0.   0.   0.   0.   0.   0.   0.   0.   0.   0.   0.   0.   0.   0. -13. -24.   7.  50.  20. -23. -27. -27.  12.  49.  13. -24. -26.]
[-48.   1.  49.  10. -24. -14. -15. -23.  19.  51.   7. -25. -12.   1.   0.  -2.   1.   0.   0.   0.   0.   0.   0.   0.   0.   0.   0.   0.   0.   0.   0.   0.   0.   0.   0.   0.   0.   0.   0.   0.   0.   0.   0.   0.   0.   0. -13. -24.   7.  50.  20. -23. -27. -27.  12.  49.  13. -24. -26.]
[-48.   1.  49.  10. -24. -14. -15. -23.  19.  51.   7. -25. -12.   1.   0.  -2.   1.   0.   0.   0.   0.   0.   0.   0.   0.   0.   0.   0.   0.   0.   0.   0.   0.   0.   0.   0.   0.   0.   0.   0.   0.   0.   0.   0.   0.   0. -13. -24.   7.  50.  20. -23. -27. -27.  12.  49.  13. -24. -26.]
[-48.   1.  49.  10. -24. -14. -15. -23.  19.  51.   7. -25. -12.   1.   0.  -2.   1.   0.   0.   0.   0.   0.   0.   0.   0.   0.   0.   0.   0.   0.   0.   0.   0.   0.   0.   0.   0.   0.   0.   0.   0.   0.   0.   0.   0.   0. -13. -24.   7.  50.  20. -23. -27. -27.  12.  49.  13. -24. -26.]
[-48.   1.  49.  10. -24. -14. -15. -23.  19.  51.   7. -25. -12.   1.   0.  -2.   1.   0.   0.   0.   0.   0.   0.   0.   0.   0.   0.   0.   0.   0.   0.   0.   0.   0.   0.   0.   0.   0.   0.   0.   0.   0.   0.   0.   0.   0. -13. -24.   7.  50.  20. -23. -27. -27.  12.  49.  13. -24. -26.]
[-48.   1.  49.  10. -24. -14. -15. -23.  19.  51.   7. -25. -12.   1.   0.  -2.   1.   0.   0.   0.   0.   0.   0.   0.   0.   0.   0.   0.   0.   0.   0.   0.   0.   0.   0.   0.   0.   0.   0.   0.   0.   0.   0.   0.   0.   0. -13. -24.   7.  50.  20. -23. -27. -27.  12.  49.  13. -24. -26.]
[-48.   1.  49.  10. -24. -14. -15. -23.  19.  51.   7. -25. -12.   1.   0.  -2.   1.   0.   0.   0.   0.   0.   0.   0.   0.   0.   0.   0.   0.   0.   0.   0.   0.   0.   0.   0.   0.   0.   0.   0.   0.   0.   0.   0.   0.   0. -13. -24.   7.  50.  20. -23. -27. -27.  12.  49.  13. -24. -26.]
[-48.   1.  49.  10. -24. -14. -15. -23.  19.  51.   7. -25. -12.   1.   0.  -3.   1.   0.   0.   0.   0.   0.   0.   0.   0.   0.   0.   0.   0.   0.   0.   0.   0.   0.   0.   0.   0.   0.   0.   0.   0.   0.   0.   0.   0.   0. -13. -24.   7.  50.  20. -24. -27. -27.  12.  50.  13. -24. -26.]
[-48.   1.  49.  10. -24. -14. -15. -23.  19.  52.   7. -25. -12.   1.  -2.   1.   0.   0.   0.   0.   0.   0.   0.   0.   0.   0.   0.   0.   0.   0.   0.   0.   0.   0.   0.   0.   0.   0.   0.   0.   0.   0.   0.   0.   0.   0. -13. -24.   6.  50.  19. -20. -29. -28.  14.  46.  14. -24. -26.]
[-48.   1.  49.  10. -24. -14. -15. -23.  20.  48.   8. -25. -12.  -1.   1.  -2.   0.   0.   0.   0.   0.   0.   0.   0.   0.   0.   0.   0.   0.   0.   0.   0.   0.   0.   0.   0.   0.   0.   0.   0.   0.   0.   0.   0.   0.   0. -14. -25.  10.  49.  18. -23. -26. -24.   8.  48.  14. -24. -26.]
[-48.   1.  49.  10. -24. -14. -15. -24.  20.  49.   8. -25. -13.   2.   2.   1.  -1.   0.   0.   0.   0.   0.   0.   0.   0.   0.   0.   0.   0.   0.   0.   0.   0.   0.   0.   0.   0.   0.   0.   0.   0.   0.   0.   0.   0.  -1. -10. -27.   9.  49.  22. -20. -28. -26.  13.  46.  14. -24. -26.]
[-48.   1.  49.  10. -24. -14. -16. -20.  19.  49.   8. -25. -14.   1.   1.   0.  -1.   0.   0.   0.   0.   0.   0.   0.   0.   0.   0.   0.   0.   0.   0.   0.   0.   0.   0.   0.   0.   0.   0.   0.   0.   0.   0.   0.   0.  -1. -12. -23.   9.  47.  20. -19. -27. -25.  11.  50.  13. -24. -26.]
[-48.   1.  49.  10. -24. -14. -16. -20.  20.  50.   8. -26. -10.   0.   1.   0.  -1.   0.   0.   0.   0.   0.   0.   0.   0.   0.   0.   0.   0.   0.   0.   0.   0.   0.   0.   0.   0.   0.   0.   0.   0.   0.   0.   0.   0.  -1. -12. -23.  11.  47.  15. -19. -29. -29.  12.  49.  13. -24. -26.]
[-48.   1.  49.  10. -24. -14. -15. -23.  18.  48.   9. -27. -12.  -1.   0.   0.  -1.   0.   0.   0.   0.   0.   0.   0.   0.   0.   0.   0.   0.   0.   0.   0.   0.   0.   0.   0.   0.   0.   0.   0.   0.   0.   0.   0.   0.  -1. -11. -26.   9.  44.  19. -22. -28. -24.  11.  49.  13. -24. -26.]
[-48.   1.  49.  10. -24. -14. -15. -23.  18.  39.   1. -35. -21. -10.  -8. -13. -13. -12. -12. -12. -12. -12. -12. -12. -12. -12. -12. -12. -12. -12. -12. -12. -12. -12. -12. -12. -12. -12. -12. -12. -12. -12. -12. -12. -12. -13. -23. -37.  -1.  43.  15. -22. -29. -25.  11.  49.  13. -24. -26.]
[-48.   2.  50.  10. -24. -14. -16. -21.  17.  43.  -9. -45. -37. -25. -23. -24. -26. -25. -25. -25. -25. -25. -25. -25. -25. -25. -25. -25. -25. -25. -25. -25. -25. -25. -25. -25. -25. -25. -25. -25. -25. -25. -25. -25. -25. -26. -36. -45.  -4.  42.  18. -22. -26. -26.  11.  49.  13. -24. -26.]
[-46.  -1.  47.  11. -24. -15. -16. -21.  19.  59.  28.  -7.   1.   7.   4.   6.   7.   7.   6.   6.   6.   6.   6.   6.   6.   6.   6.   6.   6.   6.   6.   6.   6.   6.   6.   6.   6.   6.   6.   6.   6.   6.   6.   6.   6.   5.   0.  -8.  30.  58.  21. -21. -26. -26.  11.  49.  13. -24. -26.]
[-46.  -1.  47.  10. -27. -12. -15. -20.  19.  60.  55.  43.  44.  45.  48.  48.  47.  46.  50.  49.  49.  49.  49.  49.  49.  49.  49.  49.  49.  49.  49.  49.  49.  49.  49.  49.  49.  49.  49.  49.  49.  49.  49.  49.  49.  50.  40.  39.  61.  60.  15. -20. -25. -25.  11.  50.  14. -24. -26.]
[-50.   1.  48.   9. -22. -13.  -6. -14.   1.  17.  16.  16.  23.  24.  20.  20.  23.  22.  21.  21.  21.  21.  21.  21.  21.  21.  21.  21.  21.  21.  21.  21.  21.  21.  21.  21.  21.  21.  21.  21.  21.  21.  21.  21.  21.  21.  21.  19.  20.  17.  -5. -14. -21. -24.  13.  48.  12. -23. -26.]
[-45.   0.  47.  14. -23. -11.  -2.  -7. -12. -23. -20. -22. -20. -21. -20. -21. -18. -19. -19. -19. -19. -19. -19. -19. -19. -19. -19. -19. -19. -19. -19. -19. -19. -19. -19. -19. -19. -19. -19. -19. -19. -19. -19. -19. -19. -19. -19. -19. -20. -18. -16.  -9. -15. -23.  10.  47.   9. -22. -26.]
[-44.   2.  50.  11. -24. -12.   2.  -4.  -8. -13. -18. -15. -17. -17. -17. -17. -17. -17. -17. -17. -17. -17. -17. -17. -17. -17. -17. -17. -17. -17. -17. -17. -17. -17. -17. -17. -17. -17. -17. -17. -17. -17. -17. -17. -17. -17. -17. -18. -17. -14.  -8.  -2. -10. -25.  10.  46.  14. -23. -26.]
[-46.  -1.  43.   5. -35. -23. -15. -11. -14. -13. -13. -14. -14. -14. -14. -13. -16. -15. -15. -15. -15. -15. -15. -15. -15. -15. -15. -15. -15. -15. -15. -15. -15. -15. -15. -15. -15. -15. -15. -15. -15. -15. -15. -15. -15. -15. -16. -13. -15. -14.  -8.  -9. -24. -32.   4.  45.  11. -23. -26.]
[-49.  -3.  42.  -3. -43. -36. -23. -25. -26. -25. -24. -24. -24. -24. -25. -24. -27. -26. -25. -25. -25. -25. -25. -25. -25. -25. -25. -25. -25. -25. -25. -25. -25. -25. -25. -25. -25. -25. -25. -25. -25. -25. -25. -25. -25. -25. -27. -24. -26. -24. -23. -23. -37. -45.  -2.  43.  10. -23. -26.]
[-46.   2.  51.  32.  -1.   4.  12.  10.   9.  12.   9.  11.  11.   9.  12.  10.  11.  12.   8.   9.   9.   9.   9.   9.   9.   9.   9.   9.   9.   9.   9.   9.   9.   9.   9.   9.   9.   9.   9.   9.   9.   9.   9.   9.   9.   8.  12.  11.  11.  10.   9.  10.   3.  -3.  34.  53.  14. -26. -24.]
[-35.   0.  51.  53.  39.  49.  49.  51.  50.  49.  49.  46.  46.  48.  48.  50.  49.  50.  51.  51.  51.  51.  51.  51.  51.  51.  51.  51.  51.  51.  51.  51.  51.  51.  51.  51.  51.  51.  51.  51.  51.  51.  51.  51.  51.  51.  51.  47.  49.  48.  50.  46.  43.  41.  58.  57.  10. -20. -20.]
[-26. -10.  10.  15.  13.  13.  16.  16.  15.  15.  13.  15.  14.  16.  16.  18.  18.  14.  15.  15.  15.  15.  15.  15.  15.  15.  15.  15.  15.  15.  15.  15.  15.  15.  15.  15.  15.  15.  15.  15.  15.  15.  15.  15.  15.  15.  15.  17.  12.  18.  13.  16.  15.  14.  14.  12.  -9. -13.  -9.]
[-11. -15. -17. -20. -23. -24. -21. -21. -23. -25. -23. -23. -23. -25. -22. -24. -24. -23. -23. -23. -23. -23. -23. -23. -23. -23. -23. -23. -23. -23. -23. -23. -23. -23. -23. -23. -23. -23. -23. -23. -23. -23. -23. -23. -23. -23. -23. -23. -22. -23. -21. -25. -25. -21. -22. -23. -12.  -4.  -5.]
[ -6.  -4. -11. -14. -14. -14. -15. -15. -14. -13. -13. -13. -13. -13. -14. -14. -14. -14. -14. -14. -14. -14. -14. -14. -14. -14. -14. -14. -14. -14. -14. -14. -14. -14. -14. -14. -14. -14. -14. -14. -14. -14. -14. -14. -14. -14. -14. -14. -14. -14. -14. -13. -13. -14. -13.  -8.  -7.  -2.   0.]
[ 00. -02. -02. -02. -02. -02. -02. -02. -02. -02. -02. -02. -02. -02. -02. -02. -02. -02. -02. -02. -02. -02. -02. -02. -02. -02. -02. -02. -02. -02. -02. -02. -02. -02. -02. -02. -02. -02. -02. -02. -02. -02. -02. -02. -02. -02. -02. -02. -02. -02. -02. -02. -02. -02. -02. -02.  00.  00.  00.]



[1. 1. 1. 1. 1. 1. 1. 1. 1. 1. 1. 1. 1. 1. 1. 1. 1. 1. 1. 1. 1. 1. 1. 1. 1. 1. 1. 1. 1. 1. 1. 1. 1. 1. 1. 1. 1. 1. 1. 1. 1. 1. 1. 1. 1. 1. 1. 1. 1. 1. 1. 1. 1. 1. 1. 1. 1. 1. 1.]
[1. 1. 1. 1. 1. 1. 1. 1. 1. 1. 1. 1. 1. 1. 1. 1. 1. 1. 1. 1. 1. 1. 1. 1. 1. 1. 1. 1. 1. 1. 1. 1. 1. 1. 1. 1. 1. 1. 1. 1. 1. 1. 1. 1. 1. 1. 1. 1. 1. 1. 1. 1. 1. 1. 1. 1. 1. 1. 1.]
[1. 1. 0. 0. 0. 0. 0. 0. 0. 0. 0. 0. 0. 0. 0. 0. 0. 0. 0. 0. 0. 0. 0. 0. 0. 0. 0. 0. 0. 0. 0. 0. 0. 0. 0. 0. 0. 0. 0. 0. 0. 0. 0. 0. 0. 0. 0. 0. 0. 0. 0. 0. 0. 0. 0. 0. 1. 1. 1.]
[1. 1. 0. 0. 0. 0. 0. 0. 0. 0. 0. 0. 0. 0. 0. 0. 0. 0. 0. 0. 0. 0. 0. 0. 0. 0. 0. 0. 0. 0. 0. 0. 0. 0. 0. 0. 0. 0. 0. 0. 0. 0. 0. 0. 0. 0. 0. 0. 0. 0. 0. 0. 0. 0. 0. 0. 0. 1. 1.]
[1. 0. 0. 0. 0. 0. 0. 0. 0. 0. 0. 0. 0. 0. 0. 0. 0. 0. 0. 0. 0. 0. 0. 0. 0. 0. 0. 0. 0. 0. 0. 0. 0. 0. 0. 0. 0. 0. 0. 0. 0. 0. 0. 0. 0. 0. 0. 0. 0. 0. 0. 0. 0. 1. 0. 0. 0. 1. 1.]
[1. 1. 0. 1. 1. 1. 1. 1. 1. 1. 1. 1. 1. 1. 1. 1. 1. 1. 1. 1. 1. 1. 1. 1. 1. 1. 1. 1. 1. 1. 1. 1. 1. 1. 1. 1. 1. 1. 1. 1. 1. 1. 1. 1. 1. 1. 1. 1. 1. 1. 1. 1. 1. 1. 0. 0. 0. 1. 1.]
[1. 0. 0. 0. 1. 1. 1. 1. 1. 1. 1. 1. 1. 1. 1. 1. 1. 1. 1. 1. 1. 1. 1. 1. 1. 1. 1. 1. 1. 1. 1. 1. 1. 1. 1. 1. 1. 1. 1. 1. 1. 1. 1. 1. 1. 1. 1. 1. 1. 1. 1. 1. 1. 1. 0. 0. 0. 1. 1.]
[1. 1. 0. 0. 1. 1. 0. 1. 1. 1. 1. 1. 1. 1. 1. 1. 1. 1. 1. 1. 1. 0. 1. 1. 1. 1. 1. 1. 1. 1. 1. 1. 1. 1. 1. 1. 1. 1. 1. 0. 0. 1. 1. 1. 1. 1. 1. 1. 1. 1. 1. 1. 1. 1. 0. 0. 0. 1. 1.]
[1. 1. 0. 0. 1. 1. 1. 1. 1. 1. 1. 1. 1. 1. 1. 1. 1. 0. 1. 1. 1. 1. 1. 1. 1. 1. 1. 1. 1. 1. 1. 1. 1. 1. 1. 1. 1. 1. 1. 1. 1. 0. 1. 1. 1. 1. 1. 1. 1. 1. 1. 1. 1. 1. 0. 0. 0. 1. 1.]
[1. 0. 0. 0. 1. 1. 1. 1. 1. 1. 1. 1. 1. 1. 1. 1. 1. 0. 1. 1. 1. 1. 1. 1. 1. 1. 1. 1. 1. 1. 1. 1. 1. 1. 1. 1. 1. 1. 1. 1. 1. 1. 1. 1. 1. 1. 1. 1. 1. 1. 1. 1. 1. 1. 0. 0. 0. 1. 1.]
[1. 0. 0. 0. 1. 1. 1. 1. 1. 0. 0. 0. 0. 0. 0. 1. 1. 1. 1. 0. 1. 1. 0. 0. 0. 0. 0. 0. 0. 0. 0. 0. 0. 0. 0. 0. 0. 1. 1. 1. 1. 1. 1. 0. 0. 0. 0. 0. 0. 0. 1. 1. 1. 1. 0. 0. 0. 1. 1.]
[1. 0. 0. 0. 1. 1. 1. 1. 0. 0. 0. 0. 0. 0. 0. 0. 1. 1. 1. 1. 1. 1. 0. 0. 0. 0. 0. 0. 0. 0. 0. 0. 0. 0. 0. 0. 0. 1. 1. 1. 1. 1. 1. 0. 0. 0. 0. 0. 0. 0. 0. 1. 1. 1. 0. 0. 0. 1. 1.]
[1. 0. 0. 0. 1. 1. 1. 1. 0. 0. 0. 1. 0. 0. 0. 1. 1. 1. 0. 1. 1. 1. 0. 0. 0. 0. 0. 0. 0. 0. 0. 0. 0. 0. 0. 0. 0. 1. 1. 1. 0. 1. 1. 1. 0. 0. 0. 1. 0. 0. 0. 1. 1. 1. 0. 0. 0. 1. 1.]
[1. 0. 0. 0. 1. 1. 1. 1. 0. 0. 1. 1. 1. 1. 1. 1. 1. 1. 1. 1. 1. 1. 1. 1. 1. 1. 1. 1. 1. 1. 1. 1. 1. 1. 1. 1. 1. 1. 1. 1. 1. 1. 1. 1. 1. 1. 1. 1. 1. 0. 0. 1. 1. 1. 0. 0. 0. 1. 1.]
[1. 0. 0. 0. 1. 1. 1. 1. 0. 0. 1. 1. 1. 1. 1. 1. 0. 1. 0. 1. 1. 1. 1. 1. 1. 1. 1. 1. 1. 1. 1. 1. 1. 1. 1. 1. 1. 1. 1. 1. 1. 1. 1. 1. 1. 1. 1. 1. 0. 0. 0. 1. 1. 1. 0. 0. 0. 1. 1.]
[1. 0. 0. 0. 1. 1. 1. 1. 0. 0. 0. 1. 1. 1. 1. 1. 0. 0. 1. 1. 1. 1. 1. 1. 1. 0. 0. 0. 0. 0. 0. 1. 1. 0. 1. 0. 1. 0. 0. 0. 0. 1. 1. 1. 0. 0. 1. 1. 0. 0. 0. 1. 1. 1. 0. 0. 0. 1. 1.]
[1. 0. 0. 0. 1. 1. 1. 1. 0. 0. 0. 1. 1. 1. 1. 1. 0. 1. 1. 1. 1. 1. 1. 1. 1. 1. 1. 1. 1. 1. 1. 1. 1. 1. 1. 1. 0. 1. 1. 0. 1. 0. 0. 0. 1. 1. 1. 1. 0. 0. 0. 1. 1. 1. 0. 0. 0. 1. 1.]
[1. 0. 0. 0. 1. 1. 1. 1. 0. 0. 0. 1. 1. 0. 1. 0. 1. 1. 1. 1. 1. 1. 1. 1. 1. 1. 1. 1. 1. 1. 1. 1. 1. 1. 1. 1. 1. 1. 1. 1. 1. 1. 1. 1. 1. 1. 1. 1. 0. 0. 0. 1. 1. 1. 0. 0. 0. 1. 1.]
[1. 0. 0. 0. 1. 1. 1. 1. 0. 0. 0. 1. 1. 0. 1. 1. 0. 1. 1. 1. 1. 1. 1. 1. 1. 1. 1. 1. 1. 1. 1. 1. 1. 1. 1. 1. 1. 1. 1. 1. 1. 1. 1. 1. 1. 1. 1. 1. 0. 0. 0. 1. 1. 1. 0. 0. 0. 1. 1.]
[1. 0. 0. 0. 1. 1. 1. 1. 0. 0. 0. 1. 1. 0. 1. 1. 0. 1. 1. 1. 1. 1. 1. 1. 1. 1. 1. 1. 1. 1. 1. 1. 1. 1. 1. 1. 1. 1. 1. 1. 1. 1. 1. 1. 1. 1. 1. 1. 0. 0. 0. 1. 1. 1. 0. 0. 0. 1. 1.]
[1. 0. 0. 0. 1. 1. 1. 1. 0. 0. 0. 1. 1. 0. 1. 1. 0. 1. 1. 1. 1. 1. 1. 1. 1. 1. 1. 1. 1. 1. 1. 1. 1. 1. 1. 1. 1. 1. 1. 1. 1. 1. 1. 1. 1. 1. 1. 1. 0. 0. 0. 1. 1. 1. 0. 0. 0. 1. 1.]
[1. 0. 0. 0. 1. 1. 1. 1. 0. 0. 0. 1. 1. 0. 1. 1. 0. 1. 1. 1. 1. 1. 1. 1. 1. 1. 1. 1. 1. 1. 1. 1. 1. 1. 1. 1. 1. 1. 1. 1. 1. 1. 1. 1. 1. 1. 1. 1. 0. 0. 0. 1. 1. 1. 0. 0. 0. 1. 1.]
[1. 0. 0. 0. 1. 1. 1. 1. 0. 0. 0. 1. 1. 0. 1. 1. 0. 1. 1. 1. 1. 1. 1. 1. 1. 1. 1. 1. 1. 1. 1. 1. 1. 1. 1. 1. 1. 1. 1. 1. 1. 1. 1. 1. 1. 1. 1. 1. 0. 0. 0. 1. 1. 1. 0. 0. 0. 1. 1.]
[1. 0. 0. 0. 1. 1. 1. 1. 0. 0. 0. 1. 1. 0. 1. 1. 0. 1. 1. 1. 1. 1. 1. 1. 1. 1. 1. 1. 1. 1. 1. 1. 1. 1. 1. 1. 1. 1. 1. 1. 1. 1. 1. 1. 1. 1. 1. 1. 0. 0. 0. 1. 1. 1. 0. 0. 0. 1. 1.]
[1. 0. 0. 0. 1. 1. 1. 1. 0. 0. 0. 1. 1. 0. 1. 1. 0. 1. 1. 1. 1. 1. 1. 1. 1. 1. 1. 1. 1. 1. 1. 1. 1. 1. 1. 1. 1. 1. 1. 1. 1. 1. 1. 1. 1. 1. 1. 1. 0. 0. 0. 1. 1. 1. 0. 0. 0. 1. 1.]
[1. 0. 0. 0. 1. 1. 1. 1. 0. 0. 0. 1. 1. 0. 1. 1. 0. 1. 1. 1. 1. 1. 1. 1. 1. 1. 1. 1. 1. 1. 1. 1. 1. 1. 1. 1. 1. 1. 1. 1. 1. 1. 1. 1. 1. 1. 1. 1. 0. 0. 0. 1. 1. 1. 0. 0. 0. 1. 1.]
[1. 0. 0. 0. 1. 1. 1. 1. 0. 0. 0. 1. 1. 0. 1. 1. 0. 1. 1. 1. 1. 1. 1. 1. 1. 1. 1. 1. 1. 1. 1. 1. 1. 1. 1. 1. 1. 1. 1. 1. 1. 1. 1. 1. 1. 1. 1. 1. 0. 0. 0. 1. 1. 1. 0. 0. 0. 1. 1.]
[1. 0. 0. 0. 1. 1. 1. 1. 0. 0. 0. 1. 1. 0. 1. 1. 0. 1. 1. 1. 1. 1. 1. 1. 1. 1. 1. 1. 1. 1. 1. 1. 1. 1. 1. 1. 1. 1. 1. 1. 1. 1. 1. 1. 1. 1. 1. 1. 0. 0. 0. 1. 1. 1. 0. 0. 0. 1. 1.]
[1. 0. 0. 0. 1. 1. 1. 1. 0. 0. 0. 1. 1. 0. 1. 1. 0. 1. 1. 1. 1. 1. 1. 1. 1. 1. 1. 1. 1. 1. 1. 1. 1. 1. 1. 1. 1. 1. 1. 1. 1. 1. 1. 1. 1. 1. 1. 1. 0. 0. 0. 1. 1. 1. 0. 0. 0. 1. 1.]
[1. 0. 0. 0. 1. 1. 1. 1. 0. 0. 0. 1. 1. 0. 1. 1. 0. 1. 1. 1. 1. 1. 1. 1. 1. 1. 1. 1. 1. 1. 1. 1. 1. 1. 1. 1. 1. 1. 1. 1. 1. 1. 1. 1. 1. 1. 1. 1. 0. 0. 0. 1. 1. 1. 0. 0. 0. 1. 1.]
[1. 0. 0. 0. 1. 1. 1. 1. 0. 0. 0. 1. 1. 0. 1. 1. 0. 1. 1. 1. 1. 1. 1. 1. 1. 1. 1. 1. 1. 1. 1. 1. 1. 1. 1. 1. 1. 1. 1. 1. 1. 1. 1. 1. 1. 1. 1. 1. 0. 0. 0. 1. 1. 1. 0. 0. 0. 1. 1.]
[1. 0. 0. 0. 1. 1. 1. 1. 0. 0. 0. 1. 1. 0. 1. 1. 0. 1. 1. 1. 1. 1. 1. 1. 1. 1. 1. 1. 1. 1. 1. 1. 1. 1. 1. 1. 1. 1. 1. 1. 1. 1. 1. 1. 1. 1. 1. 1. 0. 0. 0. 1. 1. 1. 0. 0. 0. 1. 1.]
[1. 0. 0. 0. 1. 1. 1. 1. 0. 0. 0. 1. 1. 0. 1. 1. 0. 1. 1. 1. 1. 1. 1. 1. 1. 1. 1. 1. 1. 1. 1. 1. 1. 1. 1. 1. 1. 1. 1. 1. 1. 1. 1. 1. 1. 1. 1. 1. 0. 0. 0. 1. 1. 1. 0. 0. 0. 1. 1.]
[1. 0. 0. 0. 1. 1. 1. 1. 0. 0. 0. 1. 1. 0. 1. 1. 0. 1. 1. 1. 1. 1. 1. 1. 1. 1. 1. 1. 1. 1. 1. 1. 1. 1. 1. 1. 1. 1. 1. 1. 1. 1. 1. 1. 1. 1. 1. 1. 0. 0. 0. 1. 1. 1. 0. 0. 0. 1. 1.]
[1. 0. 0. 0. 1. 1. 1. 1. 0. 0. 0. 1. 1. 0. 1. 1. 0. 1. 1. 1. 1. 1. 1. 1. 1. 1. 1. 1. 1. 1. 1. 1. 1. 1. 1. 1. 1. 1. 1. 1. 1. 1. 1. 1. 1. 1. 1. 1. 0. 0. 0. 1. 1. 1. 0. 0. 0. 1. 1.]
[1. 0. 0. 0. 1. 1. 1. 1. 0. 0. 0. 1. 1. 0. 1. 1. 0. 1. 1. 1. 1. 1. 1. 1. 1. 1. 1. 1. 1. 1. 1. 1. 1. 1. 1. 1. 1. 1. 1. 1. 1. 1. 1. 1. 1. 1. 1. 1. 0. 0. 0. 1. 1. 1. 0. 0. 0. 1. 1.]
[1. 0. 0. 0. 1. 1. 1. 1. 0. 0. 0. 1. 1. 0. 1. 1. 0. 1. 1. 1. 1. 1. 1. 1. 1. 1. 1. 1. 1. 1. 1. 1. 1. 1. 1. 1. 1. 1. 1. 1. 1. 1. 1. 1. 1. 1. 1. 1. 0. 0. 0. 1. 1. 1. 0. 0. 0. 1. 1.]
[1. 0. 0. 0. 1. 1. 1. 1. 0. 0. 0. 1. 1. 0. 1. 1. 0. 1. 1. 1. 1. 1. 1. 1. 1. 1. 1. 1. 1. 1. 1. 1. 1. 1. 1. 1. 1. 1. 1. 1. 1. 1. 1. 1. 1. 1. 1. 1. 0. 0. 0. 1. 1. 1. 0. 0. 0. 1. 1.]
[1. 0. 0. 0. 1. 1. 1. 1. 0. 0. 0. 1. 1. 0. 1. 0. 1. 1. 1. 1. 1. 1. 1. 1. 1. 1. 1. 1. 1. 1. 1. 1. 1. 1. 1. 1. 1. 1. 1. 1. 1. 1. 1. 1. 1. 1. 1. 1. 0. 0. 0. 1. 1. 1. 0. 0. 0. 1. 1.]
[1. 0. 0. 0. 1. 1. 1. 1. 0. 0. 0. 1. 1. 1. 0. 1. 1. 1. 1. 1. 1. 1. 1. 1. 1. 1. 1. 1. 1. 1. 1. 1. 1. 1. 1. 1. 1. 1. 1. 1. 1. 1. 1. 1. 1. 1. 1. 1. 0. 0. 0. 1. 1. 1. 0. 0. 0. 1. 1.]
[1. 0. 0. 0. 1. 1. 1. 1. 0. 0. 0. 1. 1. 0. 0. 0. 1. 1. 1. 1. 1. 1. 1. 1. 1. 1. 1. 1. 1. 1. 1. 1. 1. 1. 1. 1. 1. 1. 1. 1. 1. 1. 1. 1. 1. 1. 1. 1. 0. 0. 0. 1. 1. 1. 0. 0. 0. 1. 1.]
[1. 0. 0. 0. 1. 1. 1. 1. 0. 0. 0. 1. 1. 0. 0. 1. 1. 1. 1. 1. 1. 1. 1. 1. 1. 1. 1. 1. 1. 1. 1. 1. 1. 1. 1. 1. 1. 1. 1. 1. 1. 1. 1. 1. 1. 1. 1. 1. 0. 0. 0. 1. 1. 1. 0. 0. 0. 1. 1.]
[1. 0. 0. 0. 1. 1. 1. 1. 0. 0. 0. 1. 1. 1. 0. 1. 1. 1. 1. 1. 1. 1. 1. 1. 1. 1. 1. 1. 1. 1. 1. 1. 1. 1. 1. 1. 1. 1. 1. 1. 1. 1. 1. 1. 1. 1. 1. 1. 0. 0. 0. 1. 1. 1. 0. 0. 0. 1. 1.]
[1. 0. 0. 0. 1. 1. 1. 1. 0. 0. 0. 1. 1. 1. 1. 1. 1. 1. 1. 1. 1. 1. 1. 1. 1. 1. 1. 1. 1. 1. 1. 1. 1. 1. 1. 1. 1. 1. 1. 1. 1. 1. 1. 1. 1. 1. 1. 1. 0. 0. 0. 1. 1. 1. 0. 0. 0. 1. 1.]
[1. 0. 0. 0. 1. 1. 1. 1. 0. 0. 0. 1. 1. 1. 1. 1. 1. 1. 1. 1. 1. 1. 1. 1. 1. 1. 1. 1. 1. 1. 1. 1. 1. 1. 1. 1. 1. 1. 1. 1. 1. 1. 1. 1. 1. 1. 1. 1. 1. 0. 0. 1. 1. 1. 0. 0. 0. 1. 1.]
[1. 0. 0. 0. 1. 1. 1. 1. 0. 0. 1. 1. 1. 1. 1. 1. 1. 1. 1. 1. 1. 1. 1. 1. 1. 1. 1. 1. 1. 1. 1. 1. 1. 1. 1. 1. 1. 1. 1. 1. 1. 1. 1. 1. 1. 1. 1. 1. 1. 0. 0. 1. 1. 1. 0. 0. 0. 1. 1.]
[1. 1. 0. 0. 1. 1. 1. 1. 0. 0. 0. 1. 0. 0. 0. 0. 0. 0. 0. 0. 0. 0. 0. 0. 0. 0. 0. 0. 0. 0. 0. 0. 0. 0. 0. 0. 0. 0. 0. 0. 0. 0. 0. 0. 0. 0. 1. 1. 0. 0. 0. 1. 1. 1. 0. 0. 0. 1. 1.]
[1. 1. 0. 0. 1. 1. 1. 1. 0. 0. 0. 0. 0. 0. 0. 0. 0. 0. 0. 0. 0. 0. 0. 0. 0. 0. 0. 0. 0. 0. 0. 0. 0. 0. 0. 0. 0. 0. 0. 0. 0. 0. 0. 0. 0. 0. 0. 0. 0. 0. 0. 1. 1. 1. 0. 0. 0. 1. 1.]
[1. 0. 0. 0. 1. 1. 1. 1. 0. 0. 0. 0. 0. 0. 0. 0. 0. 0. 0. 0. 0. 0. 0. 0. 0. 0. 0. 0. 0. 0. 0. 0. 0. 0. 0. 0. 0. 0. 0. 0. 0. 0. 0. 0. 0. 0. 0. 0. 0. 0. 1. 1. 1. 1. 0. 0. 0. 1. 1.]
[1. 1. 0. 0. 1. 1. 1. 1. 1. 1. 1. 1. 1. 1. 1. 1. 1. 1. 1. 1. 1. 1. 1. 1. 1. 1. 1. 1. 1. 1. 1. 1. 1. 1. 1. 1. 1. 1. 1. 1. 1. 1. 1. 1. 1. 1. 1. 1. 1. 1. 1. 1. 1. 1. 0. 0. 0. 1. 1.]
[1. 0. 0. 0. 1. 1. 0. 1. 1. 1. 1. 1. 1. 1. 1. 1. 1. 1. 1. 1. 1. 1. 1. 1. 1. 1. 1. 1. 1. 1. 1. 1. 1. 1. 1. 1. 1. 1. 1. 1. 1. 1. 1. 1. 1. 1. 1. 1. 1. 1. 1. 1. 1. 1. 0. 0. 0. 1. 1.]
[1. 1. 0. 0. 1. 1. 1. 1. 1. 1. 1. 1. 1. 1. 1. 1. 1. 1. 1. 1. 1. 1. 1. 1. 1. 1. 1. 1. 1. 1. 1. 1. 1. 1. 1. 1. 1. 1. 1. 1. 1. 1. 1. 1. 1. 1. 1. 1. 1. 1. 1. 1. 1. 1. 0. 0. 0. 1. 1.]
[1. 1. 0. 1. 1. 1. 1. 1. 1. 1. 1. 1. 1. 1. 1. 1. 1. 1. 1. 1. 1. 1. 1. 1. 1. 1. 1. 1. 1. 1. 1. 1. 1. 1. 1. 1. 1. 1. 1. 1. 1. 1. 1. 1. 1. 1. 1. 1. 1. 1. 1. 1. 1. 1. 1. 0. 0. 1. 1.]
[1. 0. 0. 0. 1. 0. 0. 0. 0. 0. 0. 0. 0. 0. 0. 0. 0. 0. 0. 0. 0. 0. 0. 0. 0. 0. 0. 0. 0. 0. 0. 0. 0. 0. 0. 0. 0. 0. 0. 0. 0. 0. 0. 0. 0. 0. 0. 0. 0. 0. 0. 0. 0. 1. 0. 0. 0. 1. 1.]
[1. 1. 0. 0. 0. 0. 0. 0. 0. 0. 0. 0. 0. 0. 0. 0. 0. 0. 0. 0. 0. 0. 0. 0. 0. 0. 0. 0. 0. 0. 0. 0. 0. 0. 0. 0. 0. 0. 0. 0. 0. 0. 0. 0. 0. 0. 0. 0. 0. 0. 0. 0. 0. 0. 0. 0. 0. 1. 1.]
[1. 1. 0. 0. 0. 0. 0. 0. 0. 0. 0. 0. 0. 0. 0. 0. 0. 0. 0. 0. 0. 0. 0. 0. 0. 0. 0. 0. 0. 0. 0. 0. 0. 0. 0. 0. 0. 0. 0. 0. 0. 0. 0. 0. 0. 0. 0. 0. 0. 0. 0. 0. 0. 0. 0. 0. 1. 1. 1.]
[1. 1. 1. 1. 1. 1. 1. 1. 1. 1. 1. 1. 1. 1. 1. 1. 1. 1. 1. 1. 1. 1. 1. 1. 1. 1. 1. 1. 1. 1. 1. 1. 1. 1. 1. 1. 1. 1. 1. 1. 1. 1. 1. 1. 1. 1. 1. 1. 1. 1. 1. 1. 1. 1. 1. 1. 1. 1. 1.]
[1. 1. 1. 1. 1. 1. 1. 1. 1. 1. 1. 1. 1. 1. 1. 1. 1. 1. 1. 1. 1. 1. 1. 1. 1. 1. 1. 1. 1. 1. 1. 1. 1. 1. 1. 1. 1. 1. 1. 1. 1. 1. 1. 1. 1. 1. 1. 1. 1. 1. 1. 1. 1. 1. 1. 1. 1. 1. 1.]
[1. 1. 1. 1. 1. 1. 1. 1. 1. 1. 1. 1. 1. 1. 1. 1. 1. 1. 1. 1. 1. 1. 1. 1. 1. 1. 1. 1. 1. 1. 1. 1. 1. 1. 1. 1. 1. 1. 1. 1. 1. 1. 1. 1. 1. 1. 1. 1. 1. 1. 1. 1. 1. 1. 1. 1. 1. 1. 1.]